<?xml version="1.0" encoding="UTF-8" standalone="no"?>
<!DOCTYPE svg PUBLIC "-//W3C//DTD SVG 20010904//EN"
              "http://www.w3.org/TR/2001/REC-SVG-20010904/DTD/svg10.dtd">

<svg xmlns="http://www.w3.org/2000/svg"
     width="1.33333in" height="1.33333in"
     viewBox="0 0 400 400">
  <path id="Poczęstuj się kawą"
        fill="none" stroke="black" stroke-width="1"
        d="M 214.75,74.35
           C 214.75,74.35 214.75,83.21 214.75,83.21
             214.75,85.32 214.99,86.63 215.48,87.13
             216.13,87.85 217.12,88.21 218.34,88.21
             218.34,88.21 219.47,88.20 219.47,88.20
             219.47,88.20 219.45,89.20 219.45,89.20
             219.45,89.20 204.75,89.21 204.75,89.21
             204.75,89.21 204.75,88.21 204.75,88.21
             204.75,88.21 206.06,88.21 206.06,88.21
             207.54,88.21 208.60,87.75 209.23,86.84
             209.58,86.33 209.75,85.12 209.75,83.21
             209.75,83.21 209.75,62.21 209.75,62.21
             209.75,60.11 209.52,58.80 209.05,58.29
             208.38,57.57 207.38,57.21 206.06,57.21
             206.06,57.21 204.75,57.21 204.75,57.21
             204.75,57.21 204.75,56.21 204.75,56.21
             204.75,56.21 217.24,56.21 217.24,56.21
             220.73,56.23 223.57,56.66 225.57,57.42
             227.42,58.20 228.82,59.39 229.93,60.99
             231.15,62.59 231.64,64.41 231.45,66.46
             231.18,69.26 230.03,71.45 228.06,73.06
             226.13,74.68 223.56,75.36 220.34,75.23
             219.54,75.20 218.69,75.14 217.77,75.01
             216.83,74.86 215.82,74.65 214.75,74.35 Z
           M 214.75,72.71
           C 215.59,72.88 216.34,73.00 216.98,73.08
             217.64,73.17 218.20,73.21 218.67,73.21
             220.32,73.23 221.76,72.62 223.04,71.33
             224.36,70.08 225.10,68.40 225.25,66.28
             225.36,64.83 225.14,63.45 224.59,62.16
             224.03,60.86 223.16,59.88 221.96,59.22
             220.77,58.55 219.40,58.21 217.87,58.21
             217.04,58.21 216.00,58.37 214.74,58.68
             214.74,58.68 214.75,72.71 214.75,72.71 Z
           M 247.05,69.40
           C 250.52,70.20 252.97,72.12 254.45,75.18
             255.60,77.79 255.74,80.48 254.93,83.25
             254.36,85.20 253.34,87.05 251.91,88.82
             250.56,90.60 249.03,91.80 247.33,92.49
             245.46,93.13 243.48,93.21 241.75,92.80
             238.96,92.26 236.82,90.55 235.24,87.55
             233.99,85.04 233.59,82.37 233.98,79.54
             234.27,77.49 235.05,75.53 236.38,73.65
             237.72,71.79 239.30,70.50 241.15,69.79
             243.08,69.11 245.07,69.00 247.05,69.40 Z
           M 245.79,71.18
           C 244.86,71.00 243.86,71.06 242.82,71.38
             241.78,71.71 240.87,72.46 240.10,73.61
             239.35,74.77 238.82,76.33 238.52,78.29
             238.03,81.44 238.28,84.27 239.13,86.75
             239.92,89.23 241.20,90.66 243.09,91.06
             244.59,91.41 246.07,91.11 247.42,90.11
             248.68,89.09 249.68,87.07 250.43,84.05
             251.36,80.27 251.22,77.08 249.96,74.49
             249.12,72.72 247.74,71.61 245.79,71.18 Z
           M 273.81,93.12
           C 271.89,96.02 269.94,97.86 267.94,98.62
             265.95,99.45 263.89,99.45 261.96,98.69
             259.92,97.92 258.52,96.29 257.62,93.73
             256.52,91.13 256.49,88.07 257.58,84.55
             258.65,81.15 260.49,78.70 263.15,77.21
             265.90,75.77 268.77,75.59 271.60,76.69
             273.62,77.49 275.14,78.67 276.08,80.24
             277.00,81.83 277.21,83.16 276.74,84.24
             276.50,84.77 276.12,85.12 275.61,85.30
             275.11,85.47 274.54,85.41 273.90,85.13
             273.03,84.78 272.62,84.33 272.68,83.78
             272.22,83.29 272.10,82.65 272.32,81.84
             272.54,81.04 272.48,80.33 272.11,79.72
             271.74,79.12 271.09,78.64 270.17,78.28
             268.62,77.67 267.15,77.77 265.79,78.55
             264.03,79.60 262.76,81.37 261.95,83.82
             261.13,86.32 260.97,88.71 261.44,91.02
             261.83,93.29 262.94,94.78 264.89,95.54
             266.35,96.12 267.73,96.22 269.07,95.88
             270.10,95.48 271.44,94.32 273.10,92.42
             273.10,92.42 273.81,93.12 273.81,93.12 Z
           M 291.43,104.38
           C 291.43,104.38 287.68,110.30 287.68,110.30
             287.68,110.30 271.79,101.72 271.79,101.72
             271.79,101.72 272.25,100.75 272.25,100.75
             272.25,100.75 293.44,90.46 293.44,90.46
             293.44,90.46 288.64,87.75 288.64,87.75
             286.91,86.85 285.75,86.32 285.15,86.17
             284.56,86.03 284.01,86.06 283.50,86.24
             282.78,86.50 282.21,86.98 281.81,87.67
             281.81,87.67 280.90,87.24 280.90,87.24
             280.90,87.24 283.06,82.73 283.06,82.73
             283.06,82.73 299.46,91.72 299.46,91.72
             299.46,91.72 298.89,92.61 298.89,92.61
             298.89,92.61 277.42,102.19 277.42,102.19
             277.42,102.19 283.32,105.41 283.32,105.41
             284.88,106.30 285.90,106.72 286.54,106.77
             287.17,106.84 287.81,106.67 288.47,106.27
             288.92,105.96 289.65,105.18 290.64,103.90
             290.64,103.90 291.43,104.38 291.43,104.38 Z
           M 300.41,103.12
           C 298.64,105.69 297.85,108.10 297.99,110.39
             298.07,112.63 298.84,114.31 300.43,115.54
             301.54,116.39 302.63,116.86 303.72,116.95
             304.81,117.07 306.28,116.50 308.13,115.23
             308.13,115.23 308.55,116.17 308.55,116.17
             306.70,117.87 304.71,118.88 302.59,119.21
             300.48,119.60 298.41,119.03 296.52,117.57
             294.67,116.20 293.71,114.21 293.50,111.53
             293.09,108.73 293.86,105.83 295.83,102.85
             297.96,99.63 300.45,97.66 303.30,96.94
             306.22,96.29 308.98,96.93 311.52,98.83
             313.51,100.36 314.64,102.37 314.83,104.84
             314.98,107.31 314.05,109.69 312.08,112.01
             312.08,112.01 300.41,103.12 300.41,103.12 Z
           M 301.53,101.47
           C 301.53,101.47 309.52,107.38 309.52,107.38
             310.33,106.19 310.81,105.28 310.98,104.66
             311.23,103.70 311.20,102.78 310.90,101.88
             310.61,100.99 310.12,100.28 309.42,99.74
             308.32,98.92 307.02,98.64 305.52,98.88
             304.07,99.13 302.73,100.01 301.53,101.47 Z
           M 300.70,118.26
           C 300.07,118.36 299.42,118.45 298.76,118.54
             298.09,118.64 297.44,118.78 296.83,118.95
             296.21,119.13 295.65,119.38 295.15,119.69
             294.65,120.00 294.22,120.39 293.84,120.86
             293.35,121.46 293.10,122.10 293.09,122.76
             293.15,123.48 293.53,124.10 294.22,124.63
             294.48,124.83 294.81,125.01 295.21,125.18
             295.59,125.32 295.93,125.38 296.26,125.40
             296.26,125.40 296.06,126.14 296.06,126.14
             295.29,126.27 294.56,126.30 293.79,126.16
             293.02,126.01 292.28,125.67 291.57,125.12
             291.16,124.81 290.88,124.47 290.69,124.08
             290.49,123.69 290.38,123.29 290.36,122.87
             290.33,122.46 290.39,122.04 290.53,121.61
             290.66,121.18 290.89,120.78 291.18,120.40
             291.57,119.89 292.04,119.45 292.59,119.09
             293.15,118.73 293.74,118.44 294.38,118.23
             294.74,118.12 295.09,118.02 295.43,117.94
             295.77,117.87 296.13,117.80 296.53,117.73
             296.91,117.68 297.38,117.65 297.93,117.65
             298.46,117.65 299.12,117.66 299.91,117.66
             299.91,117.66 300.70,118.26 300.70,118.26 Z
           M 331.40,116.48
           C 331.40,116.48 325.68,122.07 325.68,122.07
             325.68,122.07 324.98,121.35 324.98,121.35
             326.24,119.33 326.87,117.71 326.85,116.49
             326.82,115.26 326.30,114.12 325.28,113.13
             324.48,112.37 323.65,111.98 322.77,111.96
             321.90,111.94 321.22,112.20 320.76,112.71
             320.29,113.47 320.03,114.23 319.95,115.00
             319.70,115.66 319.88,116.77 320.47,118.32
             320.47,118.32 321.70,121.93 321.70,121.93
             322.79,125.38 322.31,127.95 320.38,129.77
             319.13,130.94 317.53,131.55 315.57,131.58
             313.51,131.50 311.83,130.79 310.74,129.67
             309.92,128.89 309.19,127.85 308.45,126.48
             308.23,126.06 308.01,125.76 307.80,125.57
             307.52,125.32 307.09,125.38 306.49,125.74
             306.49,125.74 305.74,125.08 305.74,125.08
             305.74,125.08 311.05,119.10 311.05,119.10
             311.05,119.10 311.80,119.76 311.80,119.76
             310.80,121.53 310.38,123.17 310.50,124.62
             310.59,126.07 311.05,127.20 311.98,128.09
             312.61,128.73 313.41,129.08 314.44,129.19
             315.49,129.33 316.23,128.96 316.66,128.07
             317.47,127.29 317.86,126.34 317.86,125.25
             317.89,124.18 317.48,122.54 316.56,120.36
             315.57,118.16 315.34,116.48 315.94,115.31
             315.98,114.11 316.47,112.98 317.41,111.93
             318.62,110.57 320.07,109.82 321.78,109.69
             323.53,109.60 325.14,110.24 326.60,111.63
             327.24,112.24 327.85,113.14 328.44,114.32
             328.79,115.06 329.06,115.52 329.24,115.70
             329.42,115.88 329.60,115.98 329.78,115.99
             329.96,115.99 330.27,115.92 330.70,115.77
             330.70,115.77 331.40,116.48 331.40,116.48 Z
           M 343.63,121.22
           C 343.63,121.22 338.28,125.73 338.28,125.73
             338.28,125.73 341.74,130.04 341.74,130.04
             341.74,130.04 340.15,131.24 340.15,131.24
             340.15,131.24 336.75,127.02 336.75,127.02
             336.75,127.02 325.77,136.27 325.77,136.27
             324.67,137.19 324.06,137.95 323.91,138.56
             323.76,139.15 323.87,139.67 324.23,140.11
             324.52,140.48 324.93,140.74 325.46,140.88
             325.99,140.99 326.60,140.96 327.28,140.76
             327.28,140.76 327.82,141.47 327.82,141.47
             326.19,142.06 324.76,142.26 323.57,142.11
             322.37,141.92 321.47,141.48 320.87,140.77
             320.41,140.22 320.09,139.52 319.95,138.70
             319.80,137.89 319.91,137.10 320.29,136.35
             320.69,135.62 321.50,134.74 322.72,133.70
             322.72,133.70 334.15,123.94 334.15,123.94
             334.15,123.94 331.40,120.83 331.40,120.83
             331.40,120.83 332.09,120.19 332.09,120.19
             333.05,120.71 334.22,121.09 335.60,121.34
             336.97,121.61 338.30,121.65 339.59,121.44
             340.26,121.32 341.39,120.99 342.98,120.45
             342.98,120.45 343.63,121.22 343.63,121.22 Z
           M 354.08,149.01
           C 354.08,149.01 342.70,155.28 342.70,155.28
             340.39,156.55 338.99,157.36 338.52,157.73
             338.05,158.09 337.76,158.42 337.65,158.71
             337.54,158.99 337.54,159.23 337.66,159.45
             337.82,159.76 338.13,160.04 338.59,160.30
             338.59,160.30 337.81,160.98 337.81,160.98
             337.81,160.98 332.61,157.74 332.61,157.74
             332.61,157.74 332.20,157.03 332.20,157.03
             332.20,157.03 336.28,154.63 336.28,154.63
             333.54,154.13 331.65,153.53 330.68,152.96
             329.76,152.48 329.02,151.84 328.48,151.03
             327.89,150.14 327.65,149.14 327.76,148.06
             327.83,146.90 328.21,145.80 328.93,144.82
             329.65,143.83 330.87,142.72 332.59,141.48
             332.59,141.48 340.81,135.55 340.81,135.55
             341.56,135.00 342.02,134.55 342.20,134.19
             342.38,133.84 342.45,133.47 342.40,133.07
             342.34,132.66 342.02,132.07 341.44,131.29
             341.44,131.29 342.24,130.69 342.24,130.69
             342.24,130.69 346.46,136.54 346.46,136.54
             346.46,136.54 334.19,145.06 334.19,145.06
             332.49,146.24 331.56,147.31 331.40,148.25
             331.22,149.16 331.40,150.00 331.93,150.81
             332.27,151.36 332.84,151.87 333.70,152.45
             334.56,153.02 335.84,153.50 337.52,153.90
             337.52,153.90 348.58,147.41 348.58,147.41
             349.58,146.82 350.15,146.25 350.30,145.70
             350.44,145.15 350.20,144.33 349.57,143.24
             349.57,143.24 350.43,142.72 350.43,142.72
             350.43,142.72 354.08,149.01 354.08,149.01 Z
           M 370.35,152.40
           C 370.68,153.12 370.72,153.82 370.50,154.51
             370.28,155.19 369.85,155.70 369.22,155.98
             368.59,156.25 367.95,156.23 367.28,155.95
             366.61,155.67 366.13,155.19 365.81,154.50
             365.51,153.84 365.46,153.16 365.66,152.44
             365.86,151.72 366.26,151.21 366.87,150.92
             367.50,150.61 368.16,150.61 368.85,150.92
             369.54,151.23 370.04,151.72 370.35,152.40 Z
           M 360.54,159.82
           C 360.54,159.82 339.84,168.99 339.84,168.99
             336.33,170.54 333.46,171.12 331.23,170.73
             329.01,170.35 327.55,169.49 326.65,167.71
             326.14,166.70 326.01,165.94 326.20,165.29
             326.36,164.60 326.64,164.12 327.08,163.88
             327.52,163.63 327.99,163.59 328.48,163.73
             328.95,163.85 329.28,164.10 329.49,164.48
             329.65,164.78 329.74,165.14 329.77,165.58
             329.82,165.84 329.70,166.30 329.40,166.92
             329.12,167.56 329.07,168.07 329.26,168.43
             329.37,168.65 329.61,168.80 329.98,168.88
             330.35,168.97 330.88,168.92 331.55,168.72
             332.23,168.53 333.60,167.95 335.68,166.96
             335.68,166.96 349.77,160.30 349.77,160.30
             352.07,159.21 353.53,158.46 354.12,158.04
             354.59,157.72 354.87,157.41 354.97,157.14
             355.08,156.88 355.05,156.58 354.90,156.26
             354.73,155.92 354.41,155.58 353.95,155.22
             353.95,155.22 354.72,154.53 354.72,154.53
             354.72,154.53 360.14,158.93 360.14,158.93
             360.14,158.93 360.54,159.82 360.54,159.82 Z
           M 371.02,194.97
           C 371.02,194.97 363.13,196.26 363.13,196.26
             363.13,196.26 362.96,195.28 362.96,195.28
             365.15,194.34 366.59,193.35 367.26,192.31
             367.92,191.27 368.11,190.02 367.81,188.62
             367.58,187.57 367.10,186.80 366.39,186.31
             365.69,185.80 364.99,185.63 364.32,185.79
             363.50,186.15 362.84,186.63 362.34,187.22
             361.76,187.63 361.30,188.65 360.93,190.27
             360.93,190.27 359.94,193.93 359.94,193.93
             358.87,197.33 356.99,199.18 354.37,199.57
             352.67,199.82 351.03,199.40 349.40,198.30
             347.76,197.12 346.82,195.77 346.53,194.32
             346.30,193.20 346.24,191.83 346.37,190.15
             346.43,189.66 346.43,189.27 346.36,188.98
             346.28,188.68 345.90,188.55 345.21,188.56
             345.21,188.56 345.02,187.81 345.02,187.81
             345.02,187.81 352.75,185.73 352.75,185.73
             352.75,185.73 352.96,186.58 352.96,186.58
             351.12,187.42 349.85,188.49 349.11,189.78
             348.38,191.11 348.17,192.42 348.45,193.71
             348.61,194.52 349.09,195.23 349.85,195.84
             350.63,196.47 351.44,196.57 352.31,196.11
             353.42,195.92 354.28,195.39 354.91,194.53
             355.53,193.67 356.10,192.13 356.54,189.77
             356.95,187.33 357.73,185.82 358.89,185.21
             359.60,184.26 360.64,183.60 361.99,183.24
             363.75,182.76 365.38,182.97 366.89,183.89
             368.36,184.80 369.32,186.21 369.75,188.10
             369.93,188.96 369.95,190.07 369.79,191.39
             369.67,192.23 369.64,192.78 369.68,193.05
             369.72,193.30 369.82,193.49 369.97,193.60
             370.11,193.71 370.40,193.83 370.85,193.95
             370.85,193.95 371.02,194.97 371.02,194.97 Z
           M 384.12,202.59
           C 384.19,203.38 384.01,204.11 383.58,204.74
             383.15,205.35 382.59,205.67 381.91,205.72
             381.22,205.78 380.61,205.56 380.06,205.04
             379.52,204.52 379.22,203.86 379.15,203.11
             379.06,202.36 379.23,201.70 379.65,201.10
             380.09,200.54 380.65,200.23 381.34,200.15
             382.02,200.07 382.63,200.24 383.16,200.68
             383.71,201.17 384.03,201.80 384.12,202.59 Z
           M 372.42,206.47
           C 372.42,206.47 354.48,207.88 354.48,207.88
             353.14,207.99 352.25,208.14 351.82,208.33
             351.39,208.54 351.08,208.81 350.88,209.14
             350.68,209.47 350.62,210.07 350.68,211.01
             350.68,211.01 349.68,211.08 349.68,211.08
             349.68,211.08 348.83,202.07 348.83,202.07
             348.83,202.07 349.82,201.94 349.82,201.94
             349.92,202.80 350.08,203.37 350.32,203.65
             350.56,203.96 350.93,204.18 351.41,204.30
             351.90,204.43 352.80,204.42 354.11,204.27
             354.11,204.27 362.06,203.38 362.06,203.38
             364.58,203.09 366.20,202.85 366.93,202.65
             367.47,202.49 367.83,202.30 368.02,202.08
             368.20,201.87 368.28,201.60 368.24,201.25
             368.19,200.88 368.02,200.45 367.71,199.95
             367.71,199.95 368.67,199.56 368.67,199.56
             368.67,199.56 372.33,205.44 372.33,205.44
             372.33,205.44 372.42,206.47 372.42,206.47 Z
           M 363.00,219.06
           C 359.88,219.09 357.45,219.87 355.68,221.33
             353.90,222.78 353.00,224.50 352.97,226.31
             352.92,227.44 353.13,228.52 353.66,229.47
             354.18,230.43 355.48,231.31 357.56,232.15
             357.56,232.15 357.00,233.05 357.00,233.05
             354.56,232.46 352.62,231.34 351.16,229.80
             349.66,228.27 348.96,226.56 349.00,224.56
             349.03,222.07 350.07,220.03 352.15,218.20
             354.21,216.28 357.04,215.29 360.61,215.17
             364.47,215.05 367.51,215.95 369.72,217.87
             371.93,219.85 373.03,222.42 372.99,225.51
             372.91,228.24 371.85,230.39 369.92,231.93
             367.95,233.43 365.44,233.98 362.42,233.65
             362.42,233.65 363.00,219.06 363.00,219.06 Z
           M 365.00,219.02
           C 365.00,219.02 364.84,228.94 364.84,228.94
             366.28,228.94 367.31,228.84 367.92,228.62
             368.86,228.28 369.61,227.70 370.17,226.90
             370.72,226.09 370.99,225.25 371.00,224.37
             371.02,223.03 370.49,221.84 369.43,220.78
             368.37,219.74 366.88,219.16 365.00,219.02 Z
           M 350.89,227.74
           C 350.46,227.33 350.01,226.95 349.55,226.57
             349.08,226.19 348.59,225.85 348.08,225.55
             347.57,225.23 347.04,224.95 346.48,224.73
             345.93,224.51 345.36,224.38 344.77,224.36
             343.99,224.32 343.33,224.50 342.79,224.89
             342.26,225.29 341.99,225.75 341.96,226.32
             341.95,226.54 342.00,226.79 342.09,227.09
             342.18,227.45 342.32,227.74 342.50,227.99
             342.50,227.99 341.76,228.23 341.76,228.23
             341.22,227.70 340.80,227.15 340.48,226.64
             340.15,226.17 339.99,225.66 340.00,225.04
             340.00,224.55 340.10,224.11 340.29,223.65
             340.48,223.21 340.75,222.83 341.09,222.53
             341.41,222.23 341.79,222.00 342.21,221.84
             342.64,221.68 343.09,221.62 343.57,221.64
             344.22,221.66 344.85,221.81 345.46,222.07
             346.08,222.34 346.66,222.69 347.19,223.12
             347.50,223.37 347.79,223.62 348.06,223.86
             348.31,224.11 348.59,224.39 348.87,224.67
             349.15,224.95 349.46,225.29 349.79,225.65
             350.10,225.99 350.49,226.41 350.94,226.93
             350.94,226.93 350.89,227.74 350.89,227.74 Z
           M 379.80,260.30
           C 379.80,260.30 357.82,254.68 357.82,254.68
             357.82,254.68 361.15,261.64 361.15,261.64
             361.75,263.12 362.14,264.00 362.32,264.28
             362.46,264.46 362.61,264.58 362.78,264.63
             363.07,264.72 363.36,264.67 363.64,264.46
             363.93,264.27 364.19,263.88 364.42,263.27
             364.42,263.27 365.38,263.57 365.38,263.57
             365.38,263.57 362.03,273.00 362.03,273.00
             362.03,273.00 361.10,272.63 361.10,272.63
             361.56,271.35 361.79,270.24 361.81,269.28
             361.84,268.33 361.64,267.18 361.23,265.89
             361.23,265.89 358.06,258.60 358.06,258.60
             358.06,258.60 349.44,261.82 349.44,261.82
             347.10,262.49 345.57,262.91 344.83,263.13
             343.99,263.56 343.39,264.01 343.03,264.44
             342.78,264.73 342.49,265.29 342.17,266.10
             342.17,266.10 341.24,265.72 341.24,265.72
             341.24,265.72 344.37,257.03 344.37,257.03
             344.37,257.03 345.33,257.33 345.33,257.33
             345.16,257.85 345.13,258.25 345.21,258.49
             345.31,258.73 345.50,258.88 345.78,258.97
             346.11,259.08 346.74,258.99 347.67,258.65
             347.67,258.65 357.81,254.67 357.81,254.67
             357.81,254.67 350.74,252.87 350.74,252.87
             349.38,252.52 348.48,252.36 348.02,252.40
             347.56,252.43 347.20,252.56 346.95,252.78
             346.70,252.99 346.44,253.54 346.16,254.45
             346.16,254.45 345.20,254.18 345.20,254.18
             345.20,254.18 347.34,245.51 347.34,245.51
             347.34,245.51 348.32,245.71 348.32,245.71
             348.17,246.44 348.17,247.08 348.35,247.54
             348.46,247.82 348.69,248.06 349.02,248.27
             349.50,248.57 350.37,248.87 351.65,249.17
             351.65,249.17 371.11,253.78 371.11,253.78
             373.68,254.39 375.27,254.72 375.87,254.75
             376.48,254.79 376.91,254.72 377.18,254.54
             377.46,254.37 377.64,254.10 377.72,253.72
             377.78,253.42 377.74,252.94 377.61,252.22
             377.61,252.22 378.67,252.05 378.67,252.05
             378.67,252.05 380.07,259.22 380.07,259.22
             380.07,259.22 379.80,260.30 379.80,260.30 Z
           M 338.52,278.34
           C 337.77,275.72 337.39,274.06 337.36,273.47
             337.32,272.59 337.48,271.78 337.81,271.08
             338.34,269.91 339.29,269.12 340.68,268.72
             342.05,268.36 343.57,268.53 345.22,269.25
             346.28,269.70 347.09,270.29 347.68,271.03
             348.49,272.05 349.04,273.50 349.35,275.33
             349.63,277.14 349.62,280.01 349.28,283.95
             349.28,283.95 349.98,284.31 349.98,284.31
             351.75,285.24 353.13,285.56 354.10,285.29
             355.06,285.02 355.83,284.30 356.40,283.15
             356.84,282.26 356.95,281.45 356.74,280.70
             356.54,279.93 356.13,279.41 355.53,279.13
             355.53,279.13 354.33,278.63 354.33,278.63
             353.70,278.34 353.29,277.94 353.11,277.45
             352.92,276.96 352.95,276.44 353.19,275.89
             353.42,275.36 353.80,275.01 354.34,274.83
             354.88,274.67 355.48,274.74 356.16,275.03
             357.45,275.60 358.34,276.75 358.85,278.51
             359.34,280.29 359.00,282.41 357.86,284.72
             356.98,286.49 355.91,287.80 354.70,288.61
             353.79,289.19 352.74,289.41 351.56,289.27
             350.80,289.16 349.43,288.57 347.49,287.50
             347.49,287.50 340.63,283.72 340.63,283.72
             338.71,282.65 337.51,282.03 337.03,281.86
             336.57,281.69 336.22,281.65 335.98,281.73
             335.75,281.80 335.58,281.95 335.46,282.15
             335.34,282.37 335.29,282.59 335.29,282.82
             335.32,283.21 335.55,284.02 335.97,285.29
             335.97,285.29 334.76,284.57 334.76,284.57
             333.48,282.01 333.22,280.01 333.98,278.62
             334.34,277.98 334.88,277.60 335.58,277.51
             336.28,277.43 337.26,277.71 338.52,278.34 Z
           M 339.93,279.08
           C 339.93,279.08 347.51,283.03 347.51,283.03
             347.68,280.53 347.72,278.88 347.66,278.10
             347.53,276.72 347.20,275.65 346.69,274.88
             346.19,274.11 345.51,273.52 344.67,273.14
             343.59,272.65 342.58,272.53 341.62,272.73
             340.67,272.93 340.04,273.37 339.69,274.10
             339.20,275.07 339.27,276.76 339.93,279.08 Z
           M 351.22,294.87
           C 351.22,294.87 346.01,303.08 346.01,303.08
             346.01,303.08 345.18,302.52 345.18,302.52
             345.62,301.76 345.82,301.19 345.78,300.84
             345.75,300.48 345.55,300.18 345.18,299.94
             344.78,299.67 344.22,299.47 343.50,299.34
             343.50,299.34 330.29,295.73 330.29,295.73
             330.29,295.73 335.98,306.36 335.98,306.36
             335.98,306.36 339.01,307.15 339.01,307.15
             340.00,307.38 340.83,307.35 341.51,307.05
             341.91,306.88 342.42,306.41 343.05,305.61
             343.05,305.61 343.86,306.20 343.86,306.20
             343.86,306.20 337.52,314.42 337.52,314.42
             337.52,314.42 336.74,313.79 336.74,313.79
             337.35,312.98 337.69,312.31 337.74,311.79
             337.77,311.45 337.60,311.13 337.26,310.85
             336.92,310.58 336.54,310.36 336.11,310.19
             336.11,310.19 323.02,306.13 323.02,306.13
             323.02,306.13 329.19,317.47 329.19,317.47
             329.36,318.55 329.62,319.26 329.99,319.60
             330.21,319.81 330.54,319.84 330.98,319.71
             331.42,319.58 332.04,319.11 332.84,318.28
             332.84,318.28 333.58,318.95 333.58,318.95
             333.58,318.95 328.45,324.35 328.45,324.35
             328.45,324.35 327.75,323.64 327.75,323.64
             328.63,322.46 328.72,321.01 327.98,319.35
             327.98,319.35 318.25,301.60 318.25,301.60
             318.25,301.60 318.91,300.84 318.91,300.84
             318.91,300.84 333.70,305.72 333.70,305.72
             333.70,305.72 325.99,291.64 325.99,291.64
             325.99,291.64 326.50,290.88 326.50,290.88
             326.50,290.88 345.72,295.76 345.72,295.76
             346.94,295.95 347.84,295.95 348.42,295.76
             349.01,295.58 349.66,295.11 350.36,294.36
             350.36,294.36 351.22,294.87 351.22,294.87 Z
           M 305.69,319.28
           C 305.97,316.60 306.22,314.95 306.45,314.35
             306.77,313.50 307.23,312.81 307.87,312.24
             308.76,311.41 309.92,311.08 311.30,311.27
             312.72,311.44 314.08,312.15 315.34,313.44
             316.14,314.26 316.66,315.13 316.91,316.06
             317.28,317.32 317.26,318.85 316.86,320.63
             316.42,322.42 315.29,325.08 313.48,328.59
             313.48,328.59 313.99,329.18 313.99,329.18
             315.27,330.72 316.42,331.54 317.42,331.66
             318.42,331.79 319.40,331.41 320.37,330.55
             321.10,329.91 321.51,329.20 321.61,328.44
             321.71,327.66 321.53,327.03 321.09,326.53
             321.09,326.53 320.18,325.61 320.18,325.61
             319.71,325.09 319.49,324.57 319.51,324.03
             319.52,323.51 319.74,323.05 320.18,322.64
             320.60,322.24 321.08,322.06 321.64,322.10
             322.20,322.15 322.73,322.44 323.25,322.97
             324.23,323.98 324.62,325.39 324.41,327.22
             324.14,329.08 323.04,330.87 321.13,332.56
             319.63,333.87 318.13,334.68 316.71,334.97
             315.64,335.15 314.58,334.95 313.55,334.37
             312.88,333.98 311.85,332.92 310.46,331.18
             310.46,331.18 305.58,325.06 305.58,325.06
             304.21,323.34 303.33,322.31 302.96,321.97
             302.58,321.64 302.27,321.47 302.02,321.47
             301.77,321.45 301.56,321.51 301.38,321.65
             301.19,321.81 301.05,321.99 300.97,322.20
             300.86,322.57 300.73,323.44 300.64,324.76
             300.64,324.76 299.79,323.64 299.79,323.64
             299.61,320.76 300.12,318.82 301.39,317.80
             301.96,317.35 302.60,317.21 303.30,317.39
             303.98,317.58 304.77,318.21 305.69,319.28 Z
           M 306.71,320.50
           C 306.71,320.50 312.20,327.05 312.20,327.05
             313.30,324.82 313.96,323.31 314.21,322.55
             314.62,321.23 314.75,320.10 314.59,319.17
             314.42,318.27 314.01,317.48 313.38,316.80
             312.58,315.94 311.70,315.42 310.75,315.24
             309.77,315.08 308.98,315.26 308.38,315.79
             307.50,316.57 306.97,318.13 306.71,320.50 Z
           M 300.49,321.08
           C 300.53,320.47 300.56,319.84 300.61,319.19
             300.67,318.51 300.70,317.86 300.65,317.24
             300.59,316.62 300.47,316.03 300.29,315.47
             300.11,314.90 299.85,314.38 299.48,313.91
             299.01,313.29 298.44,312.90 297.78,312.75
             297.11,312.60 296.46,312.78 295.79,313.32
             295.55,313.51 295.33,313.76 295.13,314.07
             294.92,314.38 294.76,314.71 294.65,315.05
             294.65,315.05 293.96,314.67 293.96,314.67
             294.06,313.88 294.22,313.15 294.46,312.50
             294.73,311.83 295.24,311.20 295.86,310.71
             296.26,310.38 296.69,310.17 297.13,310.04
             297.54,309.94 297.93,309.95 298.33,310.06
             298.72,310.15 299.12,310.30 299.51,310.53
             299.91,310.76 300.26,311.06 300.55,311.43
             300.96,311.94 301.26,312.51 301.46,313.14
             301.68,313.76 301.84,314.38 301.92,315.02
             301.96,315.39 301.97,315.76 301.97,316.12
             301.95,316.48 301.92,316.86 301.87,317.26
             301.83,317.66 301.76,318.11 301.66,318.61
             301.54,319.11 301.38,319.76 301.20,320.51
             301.20,320.51 300.49,321.08 300.49,321.08 Z" />
</svg>
